0,535
0,534
0,533
0,532
0,531
0,530
0,529
0,528
0,527
0,526
0,525
0,524
0,523
0,522
0,521
0,520
0,519
0,518
0,517
0,516
0,515
0,514
0,513
0,512
0,507
0,504
0,499
0,497
0,494
0,492
0,489
0,488
0,486
0,485
0,484
0,483
0,482
0,481
0,477
0,473
0,470
0,466
0,462
0,461
0,458
0,457
0,456
0,451
0,448
0,447
0,445
0,443
0,427
0,424
0,423
0,414
0,395
0,382
0,380
0,379
177,1410
0,378
0,377
0,374
177,1
0,370
0,369
0,368
0,367
0,359
0,358
0,351
0,331
177,3
0,329
0,327
0,321
177,0
0,311
175,1
0,309
175,3
0,449
0,454
175,0
0,493
0,9
0,310
0,305
0,324
0,352
0,496
0,471
0,455
0,450
0,446
0,442
0,410
0,463
0,467
0,464
0,453
0,452
0,459
0,460
0,505
0,308
0,304
0,303
0,302
0,307
0,444
0,12
0,357
0,10
0,476
0,8
0,0
0,715
0,300
0,714
0,299
0,713
0,298
0,431
0,297
0,422
0,296
0,409
0,295
0,712
0,294
0,711
0,293
0,710
0,292
0,709
0,291
0,421
0,290
0,406
0,289
0,412
0,288
0,426
0,287
0,708
0,286
0,707
0,285
0,397
0,284
0,430
0,283
0,432
0,282
0,330
0,281
0,405
0,280
0,420
0,279
0,390
0,278
0,386
0,277
0,419
0,276
0,433
0,275
0,392
0,274
0,401
0,536
0,537
0,539
0,540
0,542
0,543
0,545
0,547
0,548
0,550
0,551
0,553
0,555
0,556
0,558
0,559
0,561
0,562
0,564
0,566
0,567
0,569
0,570
0,572
0,574
0,575
0,577
0,578
0,580
0,581
0,583
0,585
0,586
0,588
0,640
0,642
0,644
0,645
0,647
0,648
0,650
0,651
0,653
0,655
0,656
0,658
0,659
0,661
0,663
0,664
0,666
0,667
0,669
0,671
0,672
0,674
0,675
0,677
0,678
0,680
0,682
0,683
0,685
0,686
0,688
0,690
0,691
0,693
0,694
0,696
0,697
0,699
0,701
0,702
1,0
1,1
1,3
1,5
1,6
1,8
1,9
2,2
2,3
2,5
2,7
2,8
2,10
2,11
2,13
2,15
2,16
2,18
2,19
2,21
2,23
2,24
2,26
2,27
2,29
2,30
2,32
2,34
2,35
2,65
2,66
2,68
2,70
2,71
2,73
2,74
2,76
2,77
2,79
2,82
2,83
2,86
2,88
2,91
2,94
2,96
2,99
2,101
2,104
2,105
2,109
2,112
2,113
2,117
2,118
2,121
2,128
3,1
3,4
3,6
4,1
5,1
5,6
6,0
6,1
6,8
6,10
6,15
6,21
6,22
7,1
7,5
7,9
7,14
7,17
8,0
8,3
8,7
8,9
8,15
8,20
8,21
9,0
9,3
10,3
11,3
12,1
13,1
14,0
15,0
15,1
16,3
17,3
18,0
19,1
19,3
20,3
22,0
22,1
23,1
24,0
25,0
25,3
26,3
27,3
28,1
29,1
29,3
30,3
32,0
32,1
33,1
177,4
177,16
177,18
177,19
177,21
177,22
177,24
177,25
177,27
177,29
177,30
177,32
177,33
177,35
177,37
177,38
177,40
177,41
177,43
177,44
177,46
177,48
177,49
177,51
177,52
177,54
177,56
177,57
177,59
177,60
177,62
177,63
177,65
177,67
177,68
177,70
177,71
177,73
177,75
177,76
177,78
177,79
177,81
177,82
177,84
177,86
177,87
177,89
177,90
177,92
177,94
177,95
177,97
177,98
177,100
177,102
177,103
177,105
177,106
177,108
177,109
177,111
177,113
177,114
177,116
177,117
177,119
177,121
177,122
177,124
177,125
177,127
177,128
177,130
177,132
177,133
177,135
177,136
177,138
177,140
177,141
177,143
177,144
177,146
177,147
177,149
177,151
177,152
177,154
177,155
177,157
177,159
177,160
177,162
177,163
177,165
177,167
177,168
177,170
177,171
177,173
177,174
177,176
177,178
177,179
177,181
177,182
177,184
177,186
177,187
177,189
177,190
177,192
177,193
177,195
177,197
177,198
177,200
177,201
177,203
177,205
177,206
177,208
177,209
177,211
177,212
177,214
177,216
177,217
177,219
177,220
177,222
177,224
177,225
177,227
177,228
177,230
177,232
177,233
177,235
177,236
177,238
177,239
177,241
177,243
177,244
177,246
177,247
177,249
177,251
177,252
177,254
177,255
177,257
177,258
177,260
177,262
177,263
177,265
177,266
177,268
177,270
177,271
177,273
177,274
177,276
177,277
177,279
177,281
177,282
177,284
177,285
177,287
177,289
177,290
177,292
177,293
177,295
177,296
177,298
177,300
177,301
177,303
177,304
177,306
177,308
177,309
177,311
177,312
177,314
177,316
177,317
177,319
177,320
177,322
177,323
177,325
177,327
177,328
177,330
177,331
177,333
177,335
177,336
177,338
177,339
177,341
177,342
177,344
177,346
177,347
177,349
177,350
177,352
177,354
177,355
177,357
177,358
177,360
177,361
177,363
177,365
177,366
177,368
177,369
177,371
177,373
177,374
177,376
177,377
177,379
177,381
177,382
177,384
177,385
177,387
177,388
177,390
177,392
177,393
177,395
177,396
177,398
177,400
177,401
177,403
177,404
177,406
177,407
177,409
177,411
177,412
177,414
177,415
177,417
177,419
177,420
177,422
177,423
177,425
177,426
177,428
177,430
177,431
177,433
177,434
177,436
177,438
177,439
177,441
177,442
177,444
177,445
177,447
177,449
177,450
177,452
177,453
177,455
177,457
177,458
177,460
177,461
177,463
177,465
177,466
177,468
177,469
177,471
177,472
177,474
177,476
177,477
177,479
177,480
177,482
177,484
177,485
177,487
177,488
177,490
177,491
177,493
177,495
177,496
177,498
177,499
177,501
177,503
177,504
177,506
177,507
177,509
177,510
177,512
177,514
177,515
177,517
177,518
177,520
177,522
177,523
177,525
177,526
177,528
177,530
177,531
177,533
177,534
177,536
177,537
177,539
177,541
177,542
177,544
177,545
177,547
177,549
177,550
177,552
177,553
177,555
177,556
177,558
177,560
177,561
177,563
177,564
177,566
177,568
177,569
177,571
177,572
177,574
177,575
177,577
177,579
177,580
177,582
177,583
177,585
177,587
177,588
177,590
177,591
177,593
177,594
177,596
177,598
177,599
177,601
177,602
177,604
177,606
177,607
177,609
177,610
177,612
177,614
177,615
177,617
177,618
177,620
177,621
177,623
177,625
177,626
177,628
177,629
177,631
177,633
177,634
177,636
177,637
177,639
177,640
177,642
177,644
177,645
177,647
177,648
177,650
177,652
177,653
177,655
177,656
177,658
177,659
177,661
177,663
177,664
177,666
177,667
177,669
177,671
177,672
177,674
177,675
177,677
177,679
177,680
177,682
177,683
177,685
177,686
177,688
177,690
177,691
177,693
177,694
177,696
177,698
177,699
177,701
177,702
177,704
177,705
177,707
177,709
177,710
177,712
177,713
177,715
177,717
177,718
177,720
177,721
177,723
177,724
177,726
177,728
177,729
177,731
177,732
177,734
177,736
177,737
177,739
177,740
177,742
177,744
177,745
177,747
177,748
177,750
177,751
177,753
177,755
177,756
177,758
177,759
177,761
177,763
177,764
177,766
177,767
177,769
177,770
177,772
177,774
177,775
177,777
177,778
177,780
177,782
177,783
177,785
177,786
177,788
177,789
177,791
177,793
177,794
177,796
177,797
177,799
177,801
177,802
177,804
177,805
177,807
177,808
177,810
177,812
177,813
177,815
177,816
177,818
177,820
177,821
177,823
177,824
177,826
177,828
177,829
177,831
177,832
177,834
177,835
177,837
177,839
177,840
177,842
177,843
177,845
177,847
177,848
177,850
177,851
177,853
177,854
177,856
177,858
177,859
177,861
177,862
177,864
177,866
177,867
177,869
177,870
177,872
177,873
177,875
177,877
177,878
177,880
177,881
177,883
177,885
177,886
177,888
177,889
177,891
177,893
177,894
177,896
177,897
177,899
177,900
177,902
177,904
177,905
177,907
177,908
177,910
177,912
177,913
177,915
177,916
177,918
177,919
177,921
177,923
177,924
177,926
177,927
177,929
177,931
177,932
177,934
177,935
177,937
177,938
177,940
177,942
177,943
177,945
177,946
177,948
177,950
177,951
177,953
177,954
177,956
177,957
177,959
177,961
177,962
177,964
177,965
177,967
177,969
177,970
177,972
177,973
177,975
177,977
177,978
177,980
177,981
177,983
177,984
177,986
177,988
177,989
177,991
177,992
177,994
177,996
177,997
177,999
177,1000
177,1002
177,1003
177,1005
177,1007
177,1008
177,1010
177,1011
177,1013
177,1015
177,1016
177,1018
177,1019
177,1021
177,1022
177,1024
177,1026
177,1027
177,1029
177,1030
177,1032
177,1034
177,1035
177,1037
177,1038
177,1040
177,1042
177,1043
177,1045
177,1046
177,1048
177,1049
177,1051
177,1053
177,1054
177,1056
177,1057
177,1059
177,1061
177,1062
177,1064
177,1065
177,1067
177,1068
177,1070
177,1072
177,1073
177,1075
177,1076
177,1078
177,1080
177,1081
177,1083
177,1084
177,1086
177,1087
177,1089
177,1091
177,1092
177,1094
177,1095
177,1097
177,1099
177,1100
177,1102
177,1103
177,1105
177,1106
177,1108
177,1110
177,1111
177,1113
177,1114
177,1116
177,1118
177,1119
177,1121
177,1122
177,1124
177,1126
177,1127
177,1129
177,1130
177,1132
177,1133
177,1135
177,1137
177,1138
177,1140
177,1141
177,1143
177,1145
177,1146
177,1148
177,1149
177,1151
177,1152
177,1154
177,1156
177,1157
177,1159
177,1160
177,1162
177,1164
177,1165
177,1167
177,1168
177,1170
177,1171
177,1173
177,1175
177,1176
177,1178
177,1179
177,1181
177,1183
177,1184
177,1186
177,1187
177,1189
177,1191
177,1192
177,1194
177,1195
177,1197
177,1198
177,1200
177,1202
177,1203
177,1205
177,1206
177,1208
177,1210
177,1211
177,1213
177,1214
177,1216
177,1217
177,1219
177,1221
177,1222
177,1224
177,1225
177,1227
177,1229
177,1230
177,1232
177,1233
177,1235
177,1236
177,1238
177,1240
177,1241
177,1243
177,1244
177,1246
177,1248
177,1249
177,1251
177,1252
177,1254
177,1256
177,1257
177,1259
177,1260
177,1262
177,1263
177,1265
177,1267
177,1268
177,1270
177,1271
177,1273
177,1275
177,1276
177,1278
177,1279
177,1281
177,1282
177,1284
177,1286
177,1287
177,1289
177,1290
177,1292
177,1294
177,1295
177,1297
177,1298
177,1300
177,1301
177,1303
177,1305
177,1306
177,1308
177,1309
177,1311
177,1313
177,1314
177,1316
177,1317
177,1319
177,1320
177,1322
177,1324
177,1325
177,1327
177,1328
177,1330
177,1344
177,1345
177,1347
177,1348
177,1350
177,1352
177,1353
177,1355
177,1356
177,1358
177,1359
177,1361
177,1363
177,1364
177,1366
177,1367
177,1369
177,1371
177,1372
177,1374
177,1375
177,1377
177,1378
177,1380
177,1382
177,1383
177,1385
177,1386
177,1388
177,1390
177,1391
177,1393
177,1394
177,1396
177,1397
177,1399
177,1401
177,1402
177,1404
177,1405
177,1407
177,1409
177,1411
177,1413
177,1414
177,1416
177,1418
177,1419
177,1421
177,1422
177,1424
177,1425
177,1427
177,1429
177,1430
177,1432
177,1433
177,1435
177,1437
177,1438
177,1440
177,1441
177,1443
177,1444
177,1446
177,1448
177,1449
177,1451
177,1452
177,1454
177,1456
177,1457
177,1459
177,1460
177,1462
177,1463
177,1465
177,1467
177,1468
177,1470
177,1471
177,1473
177,1475
177,1476
177,1478
177,1479
177,1481
177,1482
177,1484
177,1486
177,1487
177,1489
177,1490
177,1492
177,1494
177,1495
177,1497
177,1498
177,1500
177,1502
177,1503
177,1505
177,1506
177,1508
177,1509
177,1511
177,1513
177,1514
177,1516
177,1517
177,1519
177,1521
177,1522
177,1524
177,1525
177,1527
177,1528
177,1530
177,1532
177,1533
177,1535
463,0
463,2
463,4
4,3
3,0
3,2
2,81
2,87
2,92
2,106
2,95
2,84
2,122
2,114
2,116
2,119
209,0
209,3
203,0
203,1
204,0
204,1
207,0
207,1
210,0
210,1
205,3
205,1
206,3
206,1
212,3
208,0
208,3
253,0
253,3
255,0
255,3
259,0
259,1
256,0
256,1
254,0
254,1
258,3
258,1
257,3
257,1
439,3
439,1
441,3
440,0
440,3
443,0
443,3
442,0
442,1
444,0
444,1
445,0
445,1
260,0
260,1
261,3
261,1
262,3
262,1
437,3
438,0
438,3
361,0
361,3
150,0
150,1
135,0
135,1
151,0
151,1
158,0
158,1
169,3
169,1
165,3
165,1
166,3
159,0
159,3
162,0
162,3
160,0
160,3
163,0
163,1
167,0
167,1
171,0
171,1
168,3
168,1
161,3
161,1
164,3
164,1
170,3
136,0
136,3
137,0
137,3
138,0
138,1
378,0
378,1
379,0
379,1
380,3
380,1
145,3
145,1
146,3
146,1
263,3
264,0
264,3
25,1
120,0
120,1
59,3
59,1
265,3
265,1
266,3
266,1
267,3
268,0
268,3
269,0
269,3
271,0
271,1
270,0
270,1
116,0
116,1
117,0
117,1
139,3
139,1
181,3
181,1
184,3
182,0
182,3
194,0
194,3
183,0
183,1
197,0
197,1
185,0
185,1
193,0
193,1
189,3
189,1
186,3
186,1
188,3
187,0
187,3
190,0
190,3
191,0
191,3
192,0
192,1
195,0
195,1
196,0
196,1
7,3
6,3
223,3
223,1
57,3
57,1
58,3
9,1
10,0
13,3
12,0
202,0
202,1
14,3
21,3
17,1
153,0
153,3
20,0
215,0
215,3
217,0
217,3
216,0
216,1
272,0
272,1
275,0
275,1
273,3
273,1
274,3
274,1
381,3
381,1
362,0
362,1
365,0
365,1
367,0
367,1
368,3
368,1
369,3
369,1
370,3
370,1
366,3
371,0
371,3
372,0
372,3
363,0
363,1
364,0
364,1
0,411
373,3
373,1
157,0
157,1
94,0
94,1
93,0
93,1
95,3
95,1
141,3
141,1
140,3
142,0
142,3
143,0
143,3
144,0
144,3
214,0
214,1
276,0
276,1
279,0
279,1
280,3
280,1
278,3
278,1
283,3
283,1
277,3
281,0
281,3
282,0
282,3
131,0
131,1
129,0
129,1
130,0
130,1
22,3
284,0
284,1
285,0
285,1
290,0
290,1
293,3
293,1
286,3
286,1
294,3
294,1
287,3
288,0
288,3
291,0
291,3
289,0
289,1
292,0
292,1
295,0
295,1
297,3
297,1
298,3
298,1
296,3
296,1
299,3
300,0
300,3
98,0
98,3
102,0
102,1
100,0
100,1
104,0
104,1
105,0
105,1
106,3
106,1
99,3
99,1
103,3
119,0
119,3
96,0
96,3
97,0
97,3
101,0
101,1
121,0
121,1
154,0
154,1
155,3
155,1
156,3
156,1
384,3
382,0
382,3
383,0
383,3
385,0
385,3
387,0
387,1
386,0
386,1
113,0
113,1
115,3
115,1
112,3
112,1
114,3
114,1
220,3
221,0
221,3
218,0
218,3
222,0
222,1
219,0
219,1
301,0
301,1
302,0
302,1
303,3
303,1
304,3
304,1
227,3
305,0
305,3
306,0
306,3
308,0
308,3
309,0
309,1
312,0
312,1
310,0
310,1
313,3
313,1
307,3
307,1
311,3
148,0
148,3
174,0
174,3
26,1
28,0
460,0
460,1
314,0
314,1
320,0
320,1
319,3
319,1
315,3
315,1
318,3
318,1
316,3
317,0
317,3
446,0
446,3
29,0
374,3
374,1
38,3
38,1
37,3
37,1
34,3
33,3
32,3
375,3
375,1
376,3
377,0
377,3
128,0
128,3
127,0
127,1
30,0
35,3
35,1
39,3
39,1
179,3
178,0
178,3
180,0
180,3
31,0
82,0
82,3
83,0
83,3
84,0
84,3
85,0
85,1
87,0
87,1
90,0
90,1
86,3
86,1
88,3
88,1
89,3
89,1
91,3
92,0
92,3
388,0
388,3
389,0
389,1
40,0
40,1
41,0
41,1
36,3
36,1
211,3
211,1
198,3
198,1
199,3
228,0
228,3
200,0
200,3
201,0
201,1
321,0
321,1
436,0
436,1
224,0
224,1
225,3
225,1
226,3
226,1
122,3
123,0
123,3
124,0
124,3
125,0
125,3
391,0
391,1
126,0
126,1
55,0
55,1
152,3
152,1
234,3
234,1
236,3
236,1
235,3
237,0
237,3
239,0
239,3
238,0
238,1
241,0
241,1
243,0
243,1
244,3
244,1
246,3
246,1
250,3
250,1
251,3
72,0
72,3
73,0
73,3
78,0
78,1
77,0
77,1
76,0
76,1
229,0
229,1
230,3
230,1
71,3
71,1
231,3
232,0
232,3
233,0
233,3
240,0
240,3
242,0
242,1
74,0
74,1
245,0
245,1
247,3
247,1
248,3
248,1
249,3
80,0
80,3
81,0
81,3
79,0
79,3
252,0
252,1
75,0
75,1
322,0
322,1
327,3
327,1
325,3
325,1
328,3
328,1
326,3
447,0
447,3
329,0
329,3
324,0
324,1
330,0
330,1
323,0
323,1
448,0
448,1
449,3
449,1
450,3
450,1
147,3
149,0
149,3
132,0
132,3
134,0
134,3
133,0
133,1
390,0
390,1
331,0
331,1
332,3
332,1
56,3
56,1
60,3
61,0
61,3
62,0
62,3
63,0
63,3
64,0
64,1
65,0
65,1
67,0
67,1
66,3
66,1
47,3
47,1
48,3
48,1
333,3
343,0
343,3
334,0
334,3
335,0
335,1
336,0
336,1
338,0
338,1
337,0
337,1
341,3
341,1
342,3
342,1
340,3
339,0
339,3
213,0
213,3
393,0
393,1
42,0
42,1
49,0
49,1
51,0
51,1
52,3
52,1
54,3
54,1
53,3
50,0
50,3
344,0
344,3
347,0
347,3
346,0
346,1
345,0
345,1
109,0
109,1
108,3
108,1
107,3
107,1
111,3
111,1
176,3
407,0
407,3
413,0
413,3
412,0
412,1
405,0
405,1
408,0
408,1
410,0
410,1
406,3
406,1
409,3
409,1
414,3
411,0
411,3
415,0
415,3
416,0
416,1
417,0
417,1
420,0
420,1
423,0
423,1
421,3
421,1
422,3
422,1
419,3
424,0
424,3
418,0
418,3
428,0
428,3
